2 0.37663398692810457 0.35400390625 0.017973856209150325 0.0439453125
2 0.24428104575163398 0.3564453125 0.02287581699346405 0.05078125
2 0.5220588235294118 0.36181640625 0.017973856209150325 0.0478515625
2 0.7160947712418301 0.42041015625 0.035130718954248366 0.0244140625
2 0.7736928104575164 0.443359375 0.0196078431372549 0.0546875
2 0.4554738562091503 0.53662109375 0.031862745098039214 0.0224609375
2 0.4305555555555556 0.54443359375 0.024509803921568627 0.0185546875
2 0.40645424836601307 0.544921875 0.04330065359477124 0.021484375
2 0.36764705882352944 0.54736328125 0.0392156862745098 0.0224609375
2 0.31086601307189543 0.55029296875 0.056372549019607844 0.0322265625
2 0.6380718954248366 0.55224609375 0.05228758169934641 0.0458984375
2 0.058823529411764705 0.5634765625 0.09803921568627451 0.05859375
2 0.7214052287581699 0.56591796875 0.02287581699346405 0.0517578125
2 0.1053921568627451 0.56640625 0.05392156862745098 0.05078125
2 0.021241830065359478 0.57080078125 0.03758169934640523 0.0458984375
2 0.19362745098039216 0.5810546875 0.1715686274509804 0.08984375