2 0.76015625 0.22824074074074074 0.022395833333333334 0.07685185185185185
2 0.4359375 0.36342592592592593 0.011458333333333333 0.03611111111111111
2 0.36302083333333335 0.36527777777777776 0.0125 0.03611111111111111
2 0.49244791666666665 0.37777777777777777 0.0140625 0.03888888888888889
2 0.91953125 0.5212962962962963 0.1015625 0.05740740740740741
2 0.8033854166666666 0.5263888888888889 0.14427083333333332 0.07685185185185185
2 0.9846354166666667 0.5268518518518519 0.0296875 0.053703703703703705
2 0.6348958333333333 0.5365740740740741 0.057291666666666664 0.041666666666666664
2 0.7143229166666667 0.537962962962963 0.0828125 0.05555555555555555
2 0.34661458333333334 0.5393518518518519 0.03802083333333333 0.03611111111111111
2 0.15442708333333333 0.5402777777777777 0.05260416666666667 0.025
2 0.7653645833333333 0.5425925925925926 0.03697916666666667 0.14814814814814814
2 0.31328125 0.5481481481481482 0.034895833333333334 0.03518518518518519
2 0.8145833333333333 0.549074074074074 0.030208333333333334 0.1648148148148148
2 0.284375 0.5537037037037037 0.04895833333333333 0.03518518518518519
2 0.22994791666666667 0.5638888888888889 0.044270833333333336 0.027777777777777776
2 0.47369791666666666 0.6625 0.16302083333333334 0.27685185185185185
2 0.14114583333333333 0.7125 0.28229166666666666 0.33425925925925926