2 0.44362745098039214 0.5205078125 0.00980392156862745 0.017578125
2 0.03594771241830065 0.541015625 0.0718954248366013 0.078125
2 0.5375816993464052 0.5439453125 0.02287581699346405 0.017578125
2 0.4660947712418301 0.54541015625 0.02369281045751634 0.0263671875
2 0.5575980392156863 0.5458984375 0.025326797385620915 0.01953125
2 0.2630718954248366 0.54833984375 0.05718954248366013 0.0283203125
2 0.20915032679738563 0.548828125 0.042483660130718956 0.02734375
2 0.4223856209150327 0.5537109375 0.06372549019607843 0.06640625
2 0.14869281045751634 0.55517578125 0.06045751633986928 0.0283203125
2 0.6131535947712419 0.5634765625 0.08088235294117647 0.076171875
2 0.6924019607843137 0.59619140625 0.14787581699346405 0.1044921875
2 0.5 0.9033203125 1 0.193359375