2 0.7712418300653595 0.5302734375 0.03104575163398693 0.015625
2 0.9015522875816994 0.537109375 0.1380718954248366 0.025390625
2 0.49550653594771243 0.54296875 0.01715686274509804 0.017578125
2 0.4227941176470588 0.5458984375 0.025326797385620915 0.029296875
2 0.4812091503267974 0.54833984375 0.027777777777777776 0.0283203125
2 0.5257352941176471 0.548828125 0.03349673202614379 0.033203125
2 0.4583333333333333 0.55029296875 0.03431372549019608 0.0302734375
2 0.318218954248366 0.55126953125 0.04493464052287582 0.0361328125
2 0.38112745098039214 0.5712890625 0.0727124183006536 0.05859375
2 0.1621732026143791 0.634765625 0.32107843137254904 0.595703125
2 0.5 0.9052734375 1 0.189453125