2 0.5992647058823529 0.5283203125 0.07679738562091504 0.1005859375
2 0.5077614379084967 0.52880859375 0.013888888888888888 0.0205078125
2 0.4918300653594771 0.529296875 0.013071895424836602 0.017578125
2 0.8165849673202614 0.53076171875 0.3668300653594771 0.5322265625
2 0.551062091503268 0.533203125 0.025326797385620915 0.037109375
2 0.2757352941176471 0.54296875 0.01715686274509804 0.025390625
2 0.3112745098039216 0.54296875 0.021241830065359478 0.021484375
2 0.29248366013071897 0.5439453125 0.026143790849673203 0.017578125
2 0.16993464052287582 0.55126953125 0.05392156862745098 0.0302734375
2 0.4644607843137255 0.55126953125 0.035130718954248366 0.0322265625
2 0.3492647058823529 0.5537109375 0.03839869281045752 0.0390625
2 0.39828431372549017 0.56884765625 0.08251633986928104 0.0654296875
2 0.6143790849673203 0.56884765625 0.05310457516339869 0.056640625
2 0.6352124183006536 0.59033203125 0.04493464052287582 0.0732421875
2 0.08905228758169935 0.6005859375 0.17647058823529413 0.18359375