2 0.935791015625 0.47627314814814814 0.10498046875 0.15625
2 0.0361328125 0.47858796296296297 0.0283203125 0.13078703703703703
2 0.906982421875 0.5885416666666666 0.07861328125 0.09143518518518519
2 0.253173828125 0.5908564814814815 0.01904296875 0.07523148148148148
2 0.356201171875 0.5949074074074074 0.01806640625 0.0763888888888889
2 0.45947265625 0.6186342592592593 0.0224609375 0.08912037037037036
2 0.909912109375 0.7175925925925926 0.02978515625 0.09259259259259259
2 0.6650390625 0.7268518518518519 0.03515625 0.12037037037037036
2 0.142822265625 0.7569444444444444 0.00830078125 0.041666666666666664
2 0.0771484375 0.7621527777777778 0.0068359375 0.03356481481481482
2 0.607177734375 0.7662037037037037 0.02099609375 0.0763888888888889
2 0.031982421875 0.7783564814814815 0.00830078125 0.04513888888888889
2 0.012451171875 0.8096064814814815 0.02392578125 0.017361111111111112
2 0.4130859375 0.8096064814814815 0.0205078125 0.028935185185185185
2 0.613037109375 0.8246527777777778 0.01416015625 0.03819444444444445
2 0.916259765625 0.8975694444444444 0.10009765625 0.08217592592592593
2 0.033447265625 0.9021990740740741 0.03076171875 0.06365740740740741
2 0.414306640625 0.9085648148148148 0.03076171875 0.05092592592592592
2 0.3486328125 0.9143518518518519 0.0341796875 0.05555555555555555
2 0.395751953125 0.9189814814814815 0.04052734375 0.06944444444444445
2 0.20654296875 0.9236111111111112 0.2412109375 0.1527777777777778
2 0.821044921875 0.9247685185185185 0.10595703125 0.09259259259259259
2 0.662109375 0.9340277777777778 0.099609375 0.13194444444444445
2 0.08544921875 0.9461805555555556 0.0673828125 0.1076388888888889
2 0.783935546875 0.9623842592592593 0.14794921875 0.07523148148148148