2 0.222412109375 0.7841435185185185 0.03173828125 0.03819444444444445
2 0.640380859375 0.8287037037037037 0.02294921875 0.09259259259259259
2 0.317138671875 0.8454861111111112 0.13427734375 0.30439814814814814
2 0.505859375 0.8871527777777778 0.0615234375 0.16550925925925927
2 0.43603515625 0.9189814814814815 0.0595703125 0.09027777777777778
2 0.88671875 0.9305555555555556 0.2236328125 0.1388888888888889
2 0.233642578125 0.9311342592592593 0.04541015625 0.10300925925925926
2 0.72705078125 0.9322916666666666 0.134765625 0.13541666666666666
2 0.41259765625 0.9403935185185185 0.0703125 0.11921296296296297
2 0.19775390625 0.9444444444444444 0.0634765625 0.10185185185185185
2 0.5986328125 0.9456018518518519 0.05859375 0.09490740740740741
2 0.14208984375 0.9473379629629629 0.087890625 0.10532407407407407
2 0.060546875 0.9490740740740741 0.0849609375 0.10185185185185185
2 0.76513671875 0.9594907407407407 0.103515625 0.08101851851851852