2 0.76015625 0.22870370370370371 0.022395833333333334 0.07592592592592592
2 0.7716145833333333 0.3486111111111111 0.0546875 0.13055555555555556
2 0.4356770833333333 0.36342592592592593 0.0109375 0.03611111111111111
2 0.36302083333333335 0.36574074074074076 0.0125 0.037037037037037035
2 0.49244791666666665 0.37777777777777777 0.0140625 0.03888888888888889
2 0.9197916666666667 0.5222222222222223 0.10104166666666667 0.05740740740740741
2 0.8203125 0.5259259259259259 0.1125 0.07592592592592592
2 0.9841145833333333 0.5277777777777778 0.030729166666666665 0.053703703703703705
2 0.7169270833333333 0.5375 0.0890625 0.06018518518518518
2 0.6216145833333333 0.538425925925926 0.0578125 0.03981481481481482
2 0.34609375 0.5398148148148149 0.0390625 0.03518518518518519
2 0.8125 0.5467592592592593 0.042708333333333334 0.15462962962962962
2 0.31015625 0.549537037037037 0.033854166666666664 0.03425925925925926
2 0.27682291666666664 0.5513888888888889 0.0421875 0.03425925925925926
2 0.7598958333333333 0.5583333333333333 0.03854166666666667 0.11481481481481481
2 0.22890625 0.562037037037037 0.0359375 0.025925925925925925
2 0.4864583333333333 0.6101851851851852 0.10833333333333334 0.17777777777777778
2 0.14739583333333334 0.7018518518518518 0.2947916666666667 0.3148148148148148