2 0.04084967320261438 0.31103515625 0.024509803921568627 0.0615234375
2 0.36519607843137253 0.427734375 0.013071895424836602 0.025390625
2 0.4415849673202614 0.43017578125 0.010620915032679739 0.0244140625
2 0.5 0.43798828125 0.00980392156862745 0.0283203125
2 0.5122549019607843 0.5244140625 0.024509803921568627 0.02734375
2 0.4636437908496732 0.53466796875 0.02042483660130719 0.0185546875
2 0.3464052287581699 0.5380859375 0.042483660130718956 0.029296875
2 0.2928921568627451 0.541015625 0.025326797385620915 0.029296875
2 0.4187091503267974 0.5419921875 0.031862745098039214 0.025390625
2 0.2369281045751634 0.5439453125 0.08169934640522876 0.03515625
2 0.016748366013071895 0.56005859375 0.031862745098039214 0.0556640625
2 0.1090686274509804 0.5615234375 0.1642156862745098 0.087890625