2 0.0690359477124183 0.310546875 0.022058823529411766 0.056640625
2 0.0392156862745098 0.32763671875 0.017973856209150325 0.0478515625
2 0.1527777777777778 0.41162109375 0.02287581699346405 0.0615234375
2 0.3991013071895425 0.435546875 0.051470588235294115 0.046875
2 0.7728758169934641 0.50537109375 0.09640522875816994 0.0654296875
2 0.8468137254901961 0.51513671875 0.05473856209150327 0.0419921875
2 0.8937908496732027 0.51904296875 0.03594771241830065 0.0244140625
2 0.9620098039215687 0.52001953125 0.04656862745098039 0.0341796875
2 0.5563725490196079 0.52685546875 0.05555555555555555 0.0302734375
2 0.6196895424836601 0.52978515625 0.07107843137254902 0.0361328125
2 0.681781045751634 0.5302734375 0.06944444444444445 0.03515625
2 0.5 0.5341796875 0.06045751633986928 0.03515625
2 0.44812091503267976 0.53759765625 0.07598039215686274 0.0380859375
2 0.37540849673202614 0.5400390625 0.1053921568627451 0.05078125
2 0.06331699346405228 0.54833984375 0.1184640522875817 0.0771484375