2 0.49060457516339867 0.537109375 0.025326797385620915 0.029296875
2 0.5535130718954249 0.537109375 0.025326797385620915 0.021484375
2 0.3909313725490196 0.54296875 0.03022875816993464 0.033203125
2 0.431781045751634 0.55419921875 0.061274509803921566 0.0615234375
2 0.5780228758169934 0.55419921875 0.025326797385620915 0.0341796875
2 0.3382352941176471 0.5546875 0.07026143790849673 0.05078125
2 0.6033496732026143 0.55712890625 0.035130718954248366 0.0439453125
2 0.6315359477124183 0.56982421875 0.05555555555555555 0.0634765625
2 0.7246732026143791 0.59033203125 0.16993464052287582 0.1337890625
2 0.05024509803921569 0.73583984375 0.10049019607843138 0.2099609375
2 0.8794934640522876 0.74658203125 0.24101307189542484 0.3681640625