2 0.0690359477124183 0.31005859375 0.022058823529411766 0.0576171875
2 0.0392156862745098 0.3271484375 0.017973856209150325 0.046875
2 0.15236928104575165 0.41162109375 0.022058823529411766 0.0615234375
2 0.7802287581699346 0.50537109375 0.10457516339869281 0.0673828125
2 0.8533496732026143 0.5107421875 0.051470588235294115 0.0390625
2 0.8941993464052288 0.51904296875 0.03676470588235294 0.0244140625
2 0.9611928104575164 0.51953125 0.04820261437908497 0.033203125
2 0.4599673202614379 0.52587890625 0.06535947712418301 0.0263671875
2 0.6450163398692811 0.52783203125 0.07107843137254902 0.0341796875
2 0.5224673202614379 0.53564453125 0.10375816993464053 0.0419921875
2 0.40155228758169936 0.537109375 0.06290849673202614 0.037109375
2 0.31086601307189543 0.53955078125 0.061274509803921566 0.0517578125
2 0.06290849673202614 0.55859375 0.11764705882352941 0.060546875