2 0.31884765625 0.4652777777777778 0.041015625 0.09722222222222222
2 0.2783203125 0.4681712962962963 0.0234375 0.1076388888888889
2 0.440673828125 0.47280092592592593 0.02490234375 0.1076388888888889
2 0.768798828125 0.4809027777777778 0.05224609375 0.24421296296296297
2 0.710693359375 0.6759259259259259 0.02783203125 0.12962962962962962
2 0.718994140625 0.7766203703703703 0.02099609375 0.04861111111111111
2 0.515380859375 0.8657407407407407 0.03369140625 0.08101851851851852
2 0.731689453125 0.9016203703703703 0.04638671875 0.16435185185185186
2 0.043212890625 0.9021990740740741 0.08544921875 0.13310185185185186
2 0.41064453125 0.9166666666666666 0.05078125 0.09722222222222222
2 0.916015625 0.9224537037037037 0.16796875 0.1550925925925926
2 0.2060546875 0.9299768518518519 0.041015625 0.06365740740740741
2 0.119140625 0.9415509259259259 0.0625 0.10532407407407407
2 0.359130859375 0.9502314814814815 0.08056640625 0.09490740740740741
2 0.076904296875 0.9537037037037037 0.09521484375 0.09259259259259259