2 0.76015625 0.22824074074074074 0.022395833333333334 0.075
2 0.4359375 0.36342592592592593 0.011458333333333333 0.03611111111111111
2 0.36276041666666664 0.36527777777777776 0.011979166666666667 0.03611111111111111
2 0.49244791666666665 0.37777777777777777 0.0140625 0.03888888888888889
2 0.9197916666666667 0.5217592592592593 0.10104166666666667 0.05648148148148148
2 0.9846354166666667 0.5268518518518519 0.030729166666666665 0.053703703703703705
2 0.778125 0.5282407407407408 0.20104166666666667 0.08055555555555556
2 0.6294270833333333 0.5370370370370371 0.06614583333333333 0.040740740740740744
2 0.7151041666666667 0.537962962962963 0.08333333333333333 0.05555555555555555
2 0.34713541666666664 0.5412037037037037 0.0390625 0.03611111111111111
2 0.1625 0.5439814814814815 0.036458333333333336 0.019444444444444445
2 0.8192708333333333 0.5481481481481482 0.0375 0.17037037037037037
2 0.31015625 0.549537037037037 0.033854166666666664 0.03425925925925926
2 0.76484375 0.5504629629629629 0.049479166666666664 0.1527777777777778
2 0.27734375 0.5513888888888889 0.04010416666666667 0.03425925925925926
2 0.228125 0.5597222222222222 0.040625 0.026851851851851852
2 0.4791666666666667 0.6351851851851852 0.13541666666666666 0.23148148148148148
2 0.14296875 0.7347222222222223 0.2859375 0.3768518518518518