2 0.47552083333333334 0.9342592592592592 0.7635416666666667 0.12777777777777777
2 0.215625 0.32407407407407407 0.015625 0.05
2 0.1125 0.32546296296296295 0.017708333333333333 0.05462962962962963
2 0.0265625 0.3300925925925926 0.021875 0.05092592592592592
2 0.46119791666666665 0.4356481481481482 0.0078125 0.021296296296296296
2 0.49270833333333336 0.43842592592592594 0.008333333333333333 0.021296296296296296
2 0.40546875 0.562037037037037 0.058854166666666666 0.07407407407407407
2 0.6604166666666667 0.5685185185185185 0.13020833333333334 0.14814814814814814
2 0.10911458333333333 0.5694444444444444 0.11927083333333334 0.0962962962962963
2 0.22161458333333334 0.5810185185185185 0.14114583333333333 0.13796296296296295
2 0.31614583333333335 0.6046296296296296 0.15208333333333332 0.1537037037037037
2 0.5015625 0.612037037037037 0.14479166666666668 0.22777777777777777
2 0.07708333333333334 0.6638888888888889 0.15208333333333332 0.2722222222222222