2 0.3692708333333333 0.4726851851851852 0.01875 0.06018518518518518
2 0.528125 0.5319444444444444 0.023958333333333335 0.023148148148148147
2 0.49713541666666666 0.5328703703703703 0.0234375 0.03425925925925926
2 0.2015625 0.5333333333333333 0.071875 0.07037037037037037
2 0.4557291666666667 0.5356481481481481 0.029166666666666667 0.03611111111111111
2 0.38776041666666666 0.5412037037037037 0.044270833333333336 0.041666666666666664
2 0.5640625 0.549074074074074 0.0375 0.046296296296296294
2 0.038802083333333334 0.5638888888888889 0.0765625 0.06296296296296296
2 0.6223958333333334 0.5666666666666667 0.1 0.11296296296296296
2 0.10390625 0.5666666666666667 0.06197916666666667 0.044444444444444446
2 0.71171875 0.625 0.1953125 0.1814814814814815