2 0.6440104166666667 0.512962962962963 0.17135416666666667 0.2462962962962963
2 0.81484375 0.5138888888888888 0.06927083333333334 0.03148148148148148
2 0.9416666666666667 0.5138888888888888 0.09375 0.03518518518518519
2 0.7546875 0.5203703703703704 0.04791666666666667 0.03888888888888889
2 0.29973958333333334 0.5365740740740741 0.049479166666666664 0.041666666666666664
2 0.5557291666666667 0.5375 0.028125 0.04537037037037037
2 0.18854166666666666 0.5412037037037037 0.06666666666666667 0.06018518518518518
2 0.04791666666666667 0.5699074074074074 0.09583333333333334 0.12314814814814815
2 0.23020833333333332 0.5828703703703704 0.15 0.11574074074074074
2 0.37994791666666666 0.5842592592592593 0.10364583333333334 0.11851851851851852
2 0.7817708333333333 0.6449074074074074 0.253125 0.21203703703703702