2 0.8481770833333333 0.2574074074074074 0.0515625 0.16666666666666666
2 0.7963541666666667 0.2884259259259259 0.041666666666666664 0.1398148148148148
2 0.40729166666666666 0.3472222222222222 0.014583333333333334 0.04814814814814815
2 0.48151041666666666 0.3476851851851852 0.015104166666666667 0.04351851851851852
2 0.30911458333333336 0.34953703703703703 0.015104166666666667 0.049074074074074076
2 0.62734375 0.4444444444444444 0.022395833333333334 0.04259259259259259
2 0.9536458333333333 0.5398148148148149 0.084375 0.05925925925925926
2 0.46458333333333335 0.5444444444444444 0.03229166666666667 0.044444444444444446
2 0.50546875 0.5550925925925926 0.0453125 0.06759259259259259
2 0.9739583333333334 0.6305555555555555 0.034375 0.06666666666666667
2 0.27708333333333335 0.6324074074074074 0.23854166666666668 0.23703703703703705
2 0.08958333333333333 0.6393518518518518 0.17916666666666667 0.20833333333333334