2 0.232666015625 0.6209490740740741 0.01513671875 0.07291666666666667
2 0.357177734375 0.6238425925925926 0.01513671875 0.06944444444444445
2 0.447265625 0.6539351851851852 0.015625 0.06944444444444445
2 0.500244140625 0.7228009259259259 0.06396484375 0.03587962962962963
2 0.67724609375 0.7482638888888888 0.02734375 0.11689814814814815
2 0.611572265625 0.8067129629629629 0.02099609375 0.08564814814814815
2 0.612548828125 0.8709490740740741 0.01318359375 0.03819444444444445
2 0.35986328125 0.8952546296296297 0.01171875 0.028935185185185185
2 0.434814453125 0.9178240740740741 0.03466796875 0.11342592592592593
2 0.47314453125 0.9247685185185185 0.0205078125 0.06018518518518518
2 0.40087890625 0.9421296296296297 0.0185546875 0.04398148148148148
2 0.1982421875 0.9479166666666666 0.05859375 0.09259259259259259
2 0.037109375 0.953125 0.07421875 0.09375
2 0.381591796875 0.953125 0.02587890625 0.047453703703703706
2 0.4658203125 0.9537037037037037 0.0224609375 0.05555555555555555
2 0.517333984375 0.9542824074074074 0.07177734375 0.09143518518518519
2 0.24267578125 0.9606481481481481 0.0458984375 0.07407407407407407
2 0.313720703125 0.9652777777777778 0.04541015625 0.06481481481481481
2 0.139404296875 0.9704861111111112 0.11572265625 0.059027777777777776