2 0.8133169934640523 0.4580078125 0.022058823529411766 0.037109375
2 0.5678104575163399 0.53955078125 0.032679738562091505 0.0283203125
2 0.29820261437908496 0.54248046875 0.0457516339869281 0.0341796875
2 0.32107843137254904 0.54296875 0.0457516339869281 0.025390625
2 0.5314542483660131 0.54541015625 0.031862745098039214 0.0302734375
2 0.1968954248366013 0.5498046875 0.05555555555555555 0.033203125
2 0.24918300653594772 0.552734375 0.06045751633986928 0.033203125
2 0.4105392156862745 0.56201171875 0.07598039215686274 0.0615234375
2 0.07475490196078431 0.5654296875 0.12826797385620914 0.064453125
2 0.6899509803921569 0.57177734375 0.12826797385620914 0.1025390625
2 0.5008169934640523 0.9052734375 0.9983660130718954 0.189453125