2 0.8668300653594772 0.52685546875 0.06045751633986928 0.0302734375
2 0.9550653594771242 0.52685546875 0.08660130718954248 0.0419921875
2 0.5371732026143791 0.5283203125 0.018790849673202614 0.025390625
2 0.8149509803921569 0.529296875 0.059640522875817 0.02734375
2 0.5649509803921569 0.53076171875 0.041666666666666664 0.0595703125
2 0.6973039215686274 0.53173828125 0.1707516339869281 0.1708984375
2 0.49959150326797386 0.53759765625 0.01715686274509804 0.0166015625
2 0.48161764705882354 0.541015625 0.025326797385620915 0.0234375
2 0.5804738562091504 0.54736328125 0.03676470588235294 0.0458984375
2 0.5947712418300654 0.55126953125 0.03104575163398693 0.0537109375
2 0.6033496732026143 0.5517578125 0.02369281045751634 0.060546875
2 0.34068627450980393 0.58642578125 0.16339869281045752 0.1279296875
2 0.860702614379085 0.66552734375 0.2785947712418301 0.2119140625