2 0.8325163398692811 0.32373046875 0.017973856209150325 0.0439453125
2 0.9546568627450981 0.32421875 0.01715686274509804 0.04296875
2 0.8525326797385621 0.3291015625 0.02696078431372549 0.03125
2 0.08905228758169935 0.3857421875 0.024509803921568627 0.05859375
2 0.37663398692810457 0.43017578125 0.02287581699346405 0.0458984375
2 0.3758169934640523 0.43359375 0.017973856209150325 0.046875
2 0.06740196078431372 0.44970703125 0.02696078431372549 0.0400390625
2 0.36560457516339867 0.47021484375 0.014705882352941176 0.0185546875
2 0.443218954248366 0.49755859375 0.03839869281045752 0.0400390625
2 0.6793300653594772 0.50048828125 0.02369281045751634 0.0185546875
2 0.5183823529411765 0.50537109375 0.03022875816993464 0.0205078125
2 0.6200980392156863 0.5078125 0.04411764705882353 0.0390625
2 0.5543300653594772 0.50830078125 0.049836601307189546 0.0517578125
2 0.4325980392156863 0.5146484375 0.03676470588235294 0.021484375
2 0.47794117647058826 0.5224609375 0.058823529411764705 0.05859375
2 0.9170751633986928 0.5595703125 0.16584967320261437 0.1328125
2 0.8100490196078431 0.59326171875 0.3145424836601307 0.1923828125