2 0.306781045751634 0.16015625 0.03839869281045752 0.0859375
2 0.07720588235294118 0.34814453125 0.015522875816993464 0.0341796875
2 0.14991830065359477 0.380859375 0.013888888888888888 0.033203125
2 0.5061274509803921 0.400390625 0.012254901960784314 0.03125
2 0.556781045751634 0.40380859375 0.012254901960784314 0.0361328125
2 0.5531045751633987 0.40478515625 0.011437908496732025 0.0361328125
2 0.05800653594771242 0.0419921875 0.05392156862745098 0.08203125
2 0.5102124183006536 0.5107421875 0.13970588235294118 0.0625
2 0.3227124183006536 0.53271484375 0.10784313725490197 0.0517578125
2 0.41380718954248363 0.533203125 0.06454248366013073 0.033203125
2 0.5106209150326797 0.56005859375 0.19281045751633988 0.0947265625
2 0.9244281045751634 0.5986328125 0.1511437908496732 0.138671875
2 0.7663398692810458 0.65478515625 0.4673202614379085 0.2568359375