2 0.451416015625 0.7077546296296297 0.00927734375 0.03587962962962963
2 0.454345703125 0.7077546296296297 0.00830078125 0.03587962962962963
2 0.494140625 0.7222222222222222 0.0126953125 0.046296296296296294
2 0.7001953125 0.7887731481481481 0.0283203125 0.1284722222222222
2 0.2607421875 0.9039351851851852 0.0595703125 0.1111111111111111
2 0.3427734375 0.9126157407407407 0.0673828125 0.09375
2 0.6240234375 0.9143518518518519 0.12109375 0.16203703703703703
2 0.420654296875 0.9253472222222222 0.10009765625 0.14699074074074073
2 0.213134765625 0.9282407407407407 0.09521484375 0.1412037037037037
2 0.115966796875 0.9299768518518519 0.22998046875 0.1400462962962963
2 0.516845703125 0.9322916666666666 0.09521484375 0.13541666666666666