2 0.4852941176470588 0.4892578125 0.006535947712418301 0.017578125
2 0.4158496732026144 0.51318359375 0.008169934640522876 0.0185546875
2 0.6066176470588235 0.53076171875 0.1053921568627451 0.1064453125
2 0.5004084967320261 0.53125 0.051470588235294115 0.0546875
2 0.443218954248366 0.54052734375 0.03349673202614379 0.0302734375
2 0.3292483660130719 0.54541015625 0.029411764705882353 0.0263671875
2 0.29983660130718953 0.55322265625 0.04084967320261438 0.0380859375
2 0.2540849673202614 0.55517578125 0.06535947712418301 0.0439453125
2 0.3762254901960784 0.56591796875 0.08088235294117647 0.0615234375
2 0.6397058823529411 0.57666015625 0.10294117647058823 0.0771484375
2 0.12908496732026145 0.57763671875 0.20098039215686275 0.1201171875
2 0.5 0.90380859375 1 0.1923828125