2 0.15073529411764705 0.16796875 0.03839869281045752 0.09375
2 0.4285130718954248 0.17578125 0.03676470588235294 0.095703125
2 0.2275326797385621 0.1796875 0.05473856209150327 0.06640625
2 0.3402777777777778 0.20849609375 0.09558823529411764 0.0185546875
2 0.9076797385620915 0.359375 0.03594771241830065 0.091796875
2 0.9109477124183006 0.44384765625 0.03104575163398693 0.0458984375
2 0.3860294117647059 0.54345703125 0.025326797385620915 0.0244140625
2 0.35498366013071897 0.54541015625 0.03349673202614379 0.0244140625
2 0.5183823529411765 0.5458984375 0.028594771241830064 0.02734375
2 0.2928921568627451 0.55322265625 0.051470588235294115 0.0322265625
2 0.431781045751634 0.55517578125 0.06781045751633986 0.0634765625
2 0.23161764705882354 0.55615234375 0.07924836601307189 0.0419921875
2 0.12459150326797386 0.56591796875 0.12009803921568628 0.0537109375
2 0.025326797385620915 0.572265625 0.049019607843137254 0.0546875
2 0.05024509803921569 0.572265625 0.041666666666666664 0.041015625
2 0.9742647058823529 0.57275390625 0.02696078431372549 0.0517578125
2 0.0784313725490196 0.72265625 0.15359477124183007 0.31640625