2 0.4215686274509804 0.47021484375 0.006535947712418301 0.0185546875
2 0.46200980392156865 0.47021484375 0.007352941176470588 0.0185546875
2 0.19852941176470587 0.47802734375 0.032679738562091505 0.0126953125
2 0.4950980392156863 0.478515625 0.008169934640522876 0.013671875
2 0.608251633986928 0.4833984375 0.013888888888888888 0.03515625
2 0.5220588235294118 0.49267578125 0.02287581699346405 0.0068359375
2 0.678921568627451 0.50537109375 0.021241830065359478 0.0146484375
2 0.8321078431372549 0.52587890625 0.19852941176470587 0.0576171875
2 0.2549019607843137 0.53271484375 0.058823529411764705 0.0224609375
2 0.9787581699346405 0.5380859375 0.04084967320261438 0.033203125
2 0.40441176470588236 0.5380859375 0.03104575163398693 0.02734375
2 0.9452614379084967 0.53857421875 0.06372549019607843 0.0322265625
2 0.8276143790849673 0.5390625 0.07679738562091504 0.03125
2 0.3161764705882353 0.54052734375 0.06535947712418301 0.0615234375
2 0.7258986928104575 0.5419921875 0.06290849673202614 0.033203125
2 0.4791666666666667 0.54248046875 0.02696078431372549 0.0244140625
2 0.4673202614379085 0.54443359375 0.03104575163398693 0.0283203125
2 0.03308823529411765 0.55224609375 0.03839869281045752 0.0263671875
2 0.5155228758169934 0.55224609375 0.05065359477124183 0.0537109375
2 0.08047385620915033 0.55517578125 0.059640522875817 0.0283203125
2 0.3647875816993464 0.5556640625 0.04820261437908497 0.0390625
2 0.4366830065359477 0.5556640625 0.049836601307189546 0.041015625
2 0.009395424836601307 0.56591796875 0.018790849673202614 0.0380859375
2 0.1736111111111111 0.56982421875 0.14624183006535948 0.0986328125
2 0.2549019607843137 0.607421875 0.2238562091503268 0.13671875