2 0.44730392156862747 0.42041015625 0.051470588235294115 0.0615234375
2 0.7099673202614379 0.5146484375 0.017973856209150325 0.046875
2 0.36070261437908496 0.51806640625 0.09395424836601307 0.0478515625
2 0.2920751633986928 0.5185546875 0.04656862745098039 0.025390625
2 0.056372549019607844 0.51904296875 0.0392156862745098 0.0263671875
2 0.3341503267973856 0.52197265625 0.0457516339869281 0.0400390625
2 0.440359477124183 0.52197265625 0.05065359477124183 0.0419921875
2 0.5151143790849673 0.5263671875 0.05473856209150327 0.048828125
2 0.5992647058823529 0.52685546875 0.06944444444444445 0.0537109375
2 0.8745915032679739 0.53955078125 0.022058823529411766 0.0419921875
2 0.24428104575163398 0.54150390625 0.11437908496732026 0.0673828125
2 0.863562091503268 0.06201171875 0.032679738562091505 0.0712890625
2 0.7896241830065359 0.072265625 0.04820261437908497 0.072265625