2 0.5396241830065359 0.52880859375 0.02369281045751634 0.0302734375
2 0.7879901960784313 0.53125 0.06944444444444445 0.033203125
2 0.5784313725490197 0.5322265625 0.04411764705882353 0.08203125
2 0.6642156862745098 0.533203125 0.1437908496732026 0.140625
2 0.4477124183006536 0.54052734375 0.02287581699346405 0.0205078125
2 0.4223856209150327 0.544921875 0.03431372549019608 0.03125
2 0.4812091503267974 0.5458984375 0.032679738562091505 0.03125
2 0.00857843137254902 0.55712890625 0.01715686274509804 0.0419921875
2 0.3059640522875817 0.5634765625 0.09068627450980392 0.072265625
2 0.7316176470588235 0.60205078125 0.1527777777777778 0.1123046875
2 0.8660130718954249 0.69140625 0.2647058823529412 0.3828125