2 0.5036458333333333 0.36342592592592593 0.013541666666666667 0.041666666666666664
2 0.5984375 0.4546296296296296 0.011458333333333333 0.03148148148148148
2 0.45208333333333334 0.513425925925926 0.04583333333333333 0.06944444444444445
2 0.35911458333333335 0.5180555555555556 0.0421875 0.062037037037037036
2 0.52421875 0.5291666666666667 0.018229166666666668 0.028703703703703703
2 0.5065104166666666 0.5324074074074074 0.024479166666666666 0.040740740740740744
2 0.4635416666666667 0.5398148148148149 0.028125 0.03333333333333333
2 0.26015625 0.5407407407407407 0.06822916666666666 0.05555555555555555
2 0.6276041666666666 0.5462962962962963 0.078125 0.053703703703703705
2 0.7690104166666667 0.5467592592592593 0.09739583333333333 0.062037037037037036
2 0.32447916666666665 0.5472222222222223 0.0375 0.05185185185185185
2 0.6309895833333333 0.5481481481481482 0.0578125 0.040740740740740744
2 0.37447916666666664 0.55 0.04375 0.044444444444444446
2 0.1984375 0.5518518518518518 0.06041666666666667 0.05740740740740741
2 0.13255208333333332 0.5712962962962963 0.05260416666666667 0.03518518518518519
2 0.04609375 0.5828703703703704 0.0921875 0.05648148148148148