2 0.76015625 0.22962962962962963 0.022395833333333334 0.07592592592592592
2 0.778125 0.3472222222222222 0.036458333333333336 0.10555555555555556
2 0.7442708333333333 0.3523148148148148 0.025 0.08425925925925926
2 0.4359375 0.36435185185185187 0.011458333333333333 0.03611111111111111
2 0.36484375 0.36712962962962964 0.011979166666666667 0.03981481481481482
2 0.49270833333333336 0.37824074074074077 0.013541666666666667 0.03981481481481482
2 0.9197916666666667 0.5231481481481481 0.09791666666666667 0.05925925925925926
2 0.81875 0.525 0.10833333333333334 0.07685185185185185
2 0.984375 0.5277777777777778 0.03125 0.053703703703703705
2 0.63671875 0.5375 0.05677083333333333 0.041666666666666664
2 0.7153645833333333 0.537962962962963 0.08489583333333334 0.05555555555555555
2 0.13333333333333333 0.5412037037037037 0.08333333333333333 0.026851851851851852
2 0.3453125 0.5421296296296296 0.0375 0.03611111111111111
2 0.40078125 0.5449074074074074 0.049479166666666664 0.041666666666666664
2 0.27760416666666665 0.5518518518518518 0.04479166666666667 0.03333333333333333
2 0.3067708333333333 0.5518518518518518 0.041666666666666664 0.03333333333333333
2 0.809375 0.5550925925925926 0.030208333333333334 0.15833333333333333
2 0.23177083333333334 0.562962962962963 0.041666666666666664 0.027777777777777776
2 0.4734375 0.6648148148148149 0.16666666666666666 0.2796296296296296
2 0.14140625 0.7078703703703704 0.2828125 0.32685185185185184