2 0.925048828125 0.6921296296296297 0.07568359375 0.10648148148148148
2 0.400146484375 0.7129629629629629 0.01025390625 0.041666666666666664
2 0.4501953125 0.7129629629629629 0.0126953125 0.03935185185185185
2 0.48681640625 0.7297453703703703 0.013671875 0.04513888888888889
2 0.51904296875 0.7615740740740741 0.0302734375 0.020833333333333332
2 0.58740234375 0.7754629629629629 0.009765625 0.041666666666666664
2 0.662353515625 0.78125 0.02587890625 0.10648148148148148
2 0.290283203125 0.8871527777777778 0.05517578125 0.10069444444444445
2 0.97216796875 0.8958333333333334 0.0546875 0.0763888888888889
2 0.356689453125 0.8975694444444444 0.05419921875 0.0775462962962963
2 0.41357421875 0.9050925925925926 0.0634765625 0.12037037037037036
2 0.511474609375 0.9172453703703703 0.13427734375 0.16550925925925927
2 0.21728515625 0.9172453703703703 0.0986328125 0.16087962962962962
2 0.10791015625 0.9189814814814815 0.212890625 0.16203703703703703