2 0.8562091503267973 0.47607421875 0.021241830065359478 0.0283203125
2 0.7140522875816994 0.50927734375 0.011437908496732025 0.0166015625
2 0.6858660130718954 0.51806640625 0.013888888888888888 0.0185546875
2 0.5959967320261438 0.52001953125 0.013888888888888888 0.0244140625
2 0.5073529411764706 0.53662109375 0.013071895424836602 0.0205078125
2 0.5424836601307189 0.5478515625 0.03594771241830065 0.037109375
2 0.28799019607843135 0.55126953125 0.05392156862745098 0.025390625
2 0.2340686274509804 0.5537109375 0.04493464052287582 0.02734375
2 0.4338235294117647 0.556640625 0.05718954248366013 0.046875
2 0.684640522875817 0.5654296875 0.05392156862745098 0.044921875
2 0.0784313725490196 0.60302734375 0.15359477124183007 0.1591796875