2 0.5163398692810458 0.5390625 0.02287581699346405 0.02734375
2 0.3999183006535948 0.541015625 0.1053921568627451 0.0703125
2 0.565359477124183 0.5439453125 0.02287581699346405 0.029296875
2 0.9534313725490197 0.546875 0.08496732026143791 0.05078125
2 0.2798202614379085 0.5478515625 0.059640522875817 0.03515625
2 0.5923202614379085 0.552734375 0.03758169934640523 0.0390625
2 0.06413398692810457 0.57421875 0.12663398692810457 0.107421875
2 0.6519607843137255 0.5751953125 0.08986928104575163 0.080078125
2 0.14052287581699346 0.5947265625 0.20915032679738563 0.1015625
2 0.7675653594771242 0.609375 0.21650326797385622 0.154296875
2 0.9178921568627451 0.716796875 0.1642156862745098 0.38671875