2 0.8733660130718954 0.47216796875 0.017973856209150325 0.0322265625
2 0.5473856209150327 0.490234375 0.04738562091503268 0.064453125
2 0.09558823529411764 0.501953125 0.04738562091503268 0.025390625
2 0.16258169934640523 0.50390625 0.09313725490196079 0.033203125
2 0.0363562091503268 0.505859375 0.06944444444444445 0.03515625
2 0.7679738562091504 0.51123046875 0.03104575163398693 0.0400390625
2 0.7994281045751634 0.51318359375 0.03349673202614379 0.0380859375
2 0.6229575163398693 0.5146484375 0.08088235294117647 0.080078125
2 0.8860294117647058 0.5185546875 0.05473856209150327 0.03125
2 0.8394607843137255 0.5205078125 0.03839869281045752 0.029296875
2 0.4918300653594771 0.5234375 0.06372549019607843 0.064453125
2 0.7177287581699346 0.5234375 0.07434640522875817 0.056640625
2 0.951797385620915 0.53662109375 0.09313725490196079 0.0947265625