2 0.5588235294117647 0.4130859375 0.008169934640522876 0.021484375
2 0.6188725490196079 0.4140625 0.008986928104575163 0.01953125
2 0.4991830065359477 0.4169921875 0.008169934640522876 0.021484375
2 0.5743464052287581 0.4892578125 0.021241830065359478 0.017578125
2 0.6343954248366013 0.49169921875 0.035130718954248366 0.0244140625
2 0.6033496732026143 0.494140625 0.025326797385620915 0.017578125
2 0.733251633986928 0.494140625 0.0727124183006536 0.048828125
2 0.5212418300653595 0.49853515625 0.03594771241830065 0.0322265625
2 0.7945261437908496 0.50390625 0.051470588235294115 0.03515625
2 0.4215686274509804 0.505859375 0.04738562091503268 0.04296875
2 0.8762254901960784 0.50732421875 0.07598039215686274 0.0341796875
2 0.4877450980392157 0.517578125 0.06372549019607843 0.0625
2 0.35661764705882354 0.525390625 0.09068627450980392 0.08984375
2 0.22712418300653595 0.56640625 0.22549019607843138 0.142578125
2 0.9125816993464052 0.66455078125 0.17483660130718953 0.3330078125
2 0.508578431372549 0.8486328125 0.9828431372549019 0.30078125