2 0.3553921568627451 0.5068359375 0.03758169934640523 0.021484375
2 0.08619281045751634 0.5126953125 0.1119281045751634 0.044921875
2 0.6225490196078431 0.513671875 0.02287581699346405 0.01953125
2 0.6572712418300654 0.5146484375 0.035130718954248366 0.03125
2 0.13357843137254902 0.5166015625 0.05473856209150327 0.029296875
2 0.5420751633986928 0.517578125 0.02369281045751634 0.025390625
2 0.5723039215686274 0.51904296875 0.03839869281045752 0.0400390625
2 0.7116013071895425 0.53369140625 0.08496732026143791 0.0595703125
2 0.5053104575163399 0.53515625 0.06781045751633986 0.0625
2 0.8002450980392157 0.5361328125 0.07924836601307189 0.048828125
2 0.9223856209150327 0.54248046875 0.15359477124183007 0.0869140625