2 0.64140625 0.9300925925925926 0.0671875 0.1398148148148148
2 0.07005208333333333 0.9328703703703703 0.1390625 0.13425925925925927
2 0.1890625 0.9398148148148148 0.07395833333333333 0.1037037037037037
2 0.33255208333333336 0.9402777777777778 0.07760416666666667 0.1175925925925926
2 0.25442708333333336 0.9439814814814815 0.1421875 0.11203703703703703
2 0.10182291666666667 0.5310185185185186 0.019270833333333334 0.07314814814814814
2 0.4192708333333333 0.5574074074074075 0.021875 0.07962962962962963
2 0.9817708333333334 0.5833333333333334 0.036458333333333336 0.17407407407407408
2 0.7716145833333333 0.7337962962962963 0.022395833333333334 0.075
2 0.9234375 0.8953703703703704 0.153125 0.20925925925925926
2 0.5239583333333333 0.9041666666666667 0.23020833333333332 0.19166666666666668
2 0.12734375 0.9111111111111111 0.050520833333333334 0.06111111111111111
2 0.396875 0.9152777777777777 0.05520833333333333 0.0824074074074074