2 0.7120098039215687 0.48779296875 0.059640522875817 0.0537109375
2 0.8594771241830066 0.54931640625 0.06862745098039216 0.0322265625
2 0.43300653594771243 0.55029296875 0.024509803921568627 0.0263671875
2 0.5555555555555556 0.55078125 0.02287581699346405 0.02734375
2 0.40604575163398693 0.552734375 0.03594771241830065 0.029296875
2 0.47671568627450983 0.552734375 0.02369281045751634 0.017578125
2 0.5191993464052288 0.552734375 0.025326797385620915 0.0234375
2 0.6029411764705882 0.57080078125 0.042483660130718956 0.0498046875
2 0.6343954248366013 0.580078125 0.0857843137254902 0.068359375
2 0.14950980392156862 0.66796875 0.2973856209150327 0.26171875
2 0.8905228758169934 0.74169921875 0.2173202614379085 0.4912109375