2 0.08946078431372549 0.5380859375 0.0988562091503268 0.02734375
2 0.5012254901960784 0.54248046875 0.013888888888888888 0.0146484375
2 0.306781045751634 0.54833984375 0.02696078431372549 0.0263671875
2 0.3349673202614379 0.54833984375 0.03104575163398693 0.0205078125
2 0.477124183006536 0.54833984375 0.027777777777777776 0.0263671875
2 0.2675653594771242 0.5517578125 0.03676470588235294 0.02734375
2 0.5228758169934641 0.552734375 0.03104575163398693 0.02734375
2 0.20506535947712418 0.55322265625 0.08169934640522876 0.0537109375
2 0.0886437908496732 0.55517578125 0.08088235294117647 0.0517578125
2 0.36764705882352944 0.55615234375 0.05228758169934641 0.0361328125
2 0.44730392156862747 0.55712890625 0.04656862745098039 0.0400390625
2 0.1511437908496732 0.56103515625 0.058823529411764705 0.0380859375
2 0.08169934640522876 0.568359375 0.06535947712418301 0.041015625
2 0.03104575163398693 0.5732421875 0.06209150326797386 0.076171875