2 0.02890625 0.23981481481481481 0.0578125 0.18888888888888888
2 0.11614583333333334 0.26296296296296295 0.05520833333333333 0.16666666666666666
2 0.6653645833333334 0.33194444444444443 0.0421875 0.1638888888888889
2 0.39401041666666664 0.4305555555555556 0.0328125 0.07222222222222222
2 0.4984375 0.500462962962963 0.028125 0.030555555555555555
2 0.5661458333333333 0.5199074074074074 0.023958333333333335 0.0787037037037037
2 0.8015625 0.524074074074074 0.14375 0.13148148148148148
2 0.6911458333333333 0.5351851851851852 0.07604166666666666 0.12962962962962962
2 0.44088541666666664 0.5819444444444445 0.0171875 0.06388888888888888
2 0.7184895833333333 0.6060185185185185 0.11302083333333333 0.1287037037037037
2 0.171875 0.649074074074074 0.05520833333333333 0.2611111111111111