2 0.375 0.359375 0.017973856209150325 0.046875
2 0.24101307189542484 0.36474609375 0.021241830065359478 0.0478515625
2 0.5253267973856209 0.36572265625 0.017973856209150325 0.0458984375
2 0.7222222222222222 0.42578125 0.029411764705882353 0.025390625
2 0.7871732026143791 0.45263671875 0.022058823529411766 0.0576171875
2 0.4522058823529412 0.544921875 0.025326797385620915 0.021484375
2 0.4089052287581699 0.5517578125 0.03676470588235294 0.025390625
2 0.3680555555555556 0.55517578125 0.041666666666666664 0.0205078125
2 0.306781045751634 0.560546875 0.06454248366013073 0.02734375
2 0.6450163398692811 0.5634765625 0.05310457516339869 0.052734375
2 0.24877450980392157 0.56591796875 0.04656862745098039 0.0380859375
2 0.20261437908496732 0.57177734375 0.10294117647058823 0.0439453125
2 0.7312091503267973 0.57275390625 0.0196078431372549 0.0537109375
2 0.09313725490196079 0.576171875 0.06372549019607843 0.037109375
2 0.04738562091503268 0.58642578125 0.0915032679738562 0.0634765625