2 0.7397875816993464 0.41796875 0.04656862745098039 0.091796875
2 0.5723039215686274 0.53515625 0.06454248366013073 0.05859375
2 0.5204248366013072 0.5380859375 0.024509803921568627 0.017578125
2 0.49142156862745096 0.53857421875 0.015522875816993464 0.0166015625
2 0.380718954248366 0.5419921875 0.03594771241830065 0.01953125
2 0.5886437908496732 0.54296875 0.03022875816993464 0.060546875
2 0.6205065359477124 0.54736328125 0.08251633986928104 0.0771484375
2 0.27941176470588236 0.56201171875 0.10294117647058823 0.0712890625
2 0.6433823529411765 0.57470703125 0.059640522875817 0.0712890625
2 0.7336601307189542 0.5947265625 0.1650326797385621 0.142578125
2 0.16380718954248366 0.67822265625 0.3227124183006536 0.2587890625
2 0.8696895424836601 0.72412109375 0.2589869281045752 0.4501953125