2 0.9142156862745098 0.33349609375 0.05228758169934641 0.1220703125
2 0.8766339869281046 0.3427734375 0.03431372549019608 0.109375
2 0.08660130718954248 0.34375 0.0196078431372549 0.046875
2 0.36151960784313725 0.4365234375 0.012254901960784314 0.03125
2 0.4293300653594771 0.439453125 0.010620915032679739 0.025390625
2 0.4848856209150327 0.45166015625 0.010620915032679739 0.0263671875
2 0.5285947712418301 0.47314453125 0.042483660130718956 0.0146484375
2 0.6029411764705882 0.4970703125 0.011437908496732025 0.025390625
2 0.0718954248366013 0.50634765625 0.00980392156862745 0.0205078125
2 0.3047385620915033 0.5341796875 0.06699346405228758 0.060546875
2 0.22916666666666666 0.54150390625 0.10212418300653595 0.0556640625
2 0.41911764705882354 0.54296875 0.027777777777777776 0.0234375
2 0.36560457516339867 0.5458984375 0.031862745098039214 0.029296875
2 0.48161764705882354 0.54833984375 0.031862745098039214 0.0283203125
2 0.3402777777777778 0.5498046875 0.04003267973856209 0.03125
2 0.5290032679738562 0.55126953125 0.03676470588235294 0.0302734375
2 0.9591503267973857 0.5517578125 0.08006535947712418 0.08203125
2 0.4485294117647059 0.55224609375 0.03758169934640523 0.0322265625
2 0.8276143790849673 0.56689453125 0.12254901960784313 0.0537109375
2 0.9746732026143791 0.56787109375 0.05065359477124183 0.0693359375