2 0.9395424836601307 0.4140625 0.029411764705882353 0.064453125
2 0.3860294117647059 0.42919921875 0.010620915032679739 0.0302734375
2 0.46568627450980393 0.42919921875 0.011437908496732025 0.0283203125
2 0.4035947712418301 0.4306640625 0.016339869281045753 0.021484375
2 0.5269607843137255 0.4326171875 0.00980392156862745 0.025390625
2 0.5514705882352942 0.4453125 0.03594771241830065 0.009765625
2 0.6168300653594772 0.46533203125 0.016339869281045753 0.0185546875
2 0.7066993464052288 0.47705078125 0.013071895424836602 0.0341796875
2 0.7308006535947712 0.47998046875 0.012254901960784314 0.0361328125
2 0.6225490196078431 0.49560546875 0.013071895424836602 0.0498046875
2 0.36437908496732024 0.54052734375 0.029411764705882353 0.0283203125
2 0.3909313725490196 0.5439453125 0.03676470588235294 0.02734375
2 0.502859477124183 0.54443359375 0.025326797385620915 0.0224609375
2 0.9718137254901961 0.5556640625 0.05473856209150327 0.048828125
2 0.4665032679738562 0.5556640625 0.05392156862745098 0.046875
2 0.7749183006535948 0.55712890625 0.12336601307189543 0.0478515625
2 0.09926470588235294 0.55859375 0.19852941176470587 0.26953125
2 0.8978758169934641 0.5595703125 0.12418300653594772 0.056640625
2 0.5506535947712419 0.56884765625 0.06372549019607843 0.0615234375
2 0.28308823529411764 0.6142578125 0.23284313725490197 0.185546875