2 0.846923828125 0.5445601851851852 0.03857421875 0.13078703703703703
2 0.7451171875 0.7106481481481481 0.03515625 0.07407407407407407
2 0.426025390625 0.8836805555555556 0.01123046875 0.03587962962962963
2 0.15673828125 0.9103009259259259 0.3037109375 0.17939814814814814
2 0.555908203125 0.9241898148148148 0.03369140625 0.07060185185185185
2 0.457275390625 0.9357638888888888 0.03466796875 0.059027777777777776
2 0.57470703125 0.9409722222222222 0.0361328125 0.07407407407407407
2 0.299560546875 0.9456018518518519 0.05029296875 0.10185185185185185
2 0.37548828125 0.9513888888888888 0.0654296875 0.09722222222222222
2 0.5107421875 0.9525462962962963 0.0556640625 0.08796296296296297
2 0.423583984375 0.9560185185185185 0.04150390625 0.08333333333333333
2 0.034912109375 0.9589120370370371 0.06298828125 0.08217592592592593