2 0.5322712418300654 0.177734375 0.035130718954248366 0.099609375
2 0.8619281045751634 0.3740234375 0.04411764705882353 0.1015625
2 0.17483660130718953 0.45849609375 0.0196078431372549 0.0400390625
2 0.176062091503268 0.509765625 0.025326797385620915 0.03125
2 0.2777777777777778 0.5361328125 0.07026143790849673 0.068359375
2 0.4199346405228758 0.5419921875 0.0718954248366013 0.046875
2 0.4959150326797386 0.54541015625 0.017973856209150325 0.0205078125
2 0.5522875816993464 0.54638671875 0.029411764705882353 0.0244140625
2 0.5204248366013072 0.5498046875 0.029411764705882353 0.03125
2 0.3590686274509804 0.552734375 0.02369281045751634 0.021484375
2 0.3300653594771242 0.55419921875 0.03104575163398693 0.0283203125
2 0.11151960784313726 0.57373046875 0.12336601307189543 0.0732421875
2 0.026552287581699346 0.57666015625 0.049836601307189546 0.0361328125
2 0.247140522875817 0.57958984375 0.12990196078431374 0.0771484375