2 0.04375 0.9342592592592592 0.0875 0.13148148148148148
2 0.11458333333333333 0.9347222222222222 0.19375 0.13055555555555556
2 0.08880208333333334 0.5231481481481481 0.0171875 0.07037037037037037
2 0.38984375 0.5523148148148148 0.025520833333333333 0.0712962962962963
2 0.8947916666666667 0.6013888888888889 0.046875 0.14351851851851852
2 0.7166666666666667 0.7175925925925926 0.019791666666666666 0.06851851851851852
2 0.4817708333333333 0.8490740740740741 0.55 0.30185185185185187
2 0.91796875 0.8699074074074075 0.1640625 0.25092592592592594
2 0.029166666666666667 0.8828703703703704 0.058333333333333334 0.04537037037037037
2 0.8263020833333333 0.9148148148148149 0.12239583333333333 0.16666666666666666
2 0.21536458333333333 0.9212962962962963 0.10885416666666667 0.14444444444444443