2 0.0690359477124183 0.3095703125 0.022058823529411766 0.056640625
2 0.03880718954248366 0.32666015625 0.01715686274509804 0.0458984375
2 0.15236928104575165 0.41162109375 0.02369281045751634 0.0615234375
2 0.397875816993464 0.43798828125 0.049019607843137254 0.0517578125
2 0.7761437908496732 0.4912109375 0.08986928104575163 0.080078125
2 0.8513071895424836 0.51025390625 0.05228758169934641 0.0419921875
2 0.9632352941176471 0.51904296875 0.0457516339869281 0.0341796875
2 0.9011437908496732 0.5205078125 0.04411764705882353 0.0234375
2 0.7504084967320261 0.5244140625 0.051470588235294115 0.03515625
2 0.6478758169934641 0.5283203125 0.0718954248366013 0.03515625
2 0.5343137254901961 0.5322265625 0.0915032679738562 0.04296875
2 0.4714052287581699 0.53271484375 0.05555555555555555 0.0400390625
2 0.4170751633986928 0.53466796875 0.0923202614379085 0.0458984375
2 0.3112745098039216 0.541015625 0.06535947712418301 0.04296875
2 0.05923202614379085 0.5537109375 0.1184640522875817 0.0625