2 0.06944444444444445 0.3408203125 0.024509803921568627 0.056640625
2 0.35375816993464054 0.435546875 0.00980392156862745 0.025390625
2 0.4244281045751634 0.4384765625 0.010620915032679739 0.02734375
2 0.4922385620915033 0.4462890625 0.010620915032679739 0.025390625
2 0.33578431372549017 0.50244140625 0.0032679738562091504 0.0107421875
2 0.3006535947712418 0.5029296875 0.004901960784313725 0.0078125
2 0.2769607843137255 0.5078125 0.0032679738562091504 0.009765625
2 0.7095588235294118 0.5263671875 0.22303921568627452 0.2265625
2 0.09558823529411764 0.53759765625 0.19117647058823528 0.1669921875
2 0.4877450980392157 0.54541015625 0.029411764705882353 0.0224609375
2 0.8660130718954249 0.5458984375 0.05392156862745098 0.05078125
2 0.38112745098039214 0.5498046875 0.04330065359477124 0.037109375
2 0.3104575163398693 0.552734375 0.03594771241830065 0.025390625
2 0.4362745098039216 0.552734375 0.042483660130718956 0.041015625
2 0.5191993464052288 0.5595703125 0.04330065359477124 0.0390625
2 0.2618464052287582 0.576171875 0.11356209150326797 0.0703125
2 0.9742647058823529 0.57666015625 0.04820261437908497 0.0673828125