2 0.4959150326797386 0.490234375 0.008169934640522876 0.013671875
2 0.6556372549019608 0.53466796875 0.1315359477124183 0.1279296875
2 0.29044117647058826 0.5419921875 0.03349673202614379 0.02734375
2 0.318218954248366 0.5419921875 0.035130718954248366 0.02734375
2 0.36519607843137253 0.54248046875 0.06209150326797386 0.0341796875
2 0.3860294117647059 0.54248046875 0.03676470588235294 0.0380859375
2 0.4840686274509804 0.54248046875 0.018790849673202614 0.0185546875
2 0.3525326797385621 0.54345703125 0.035130718954248366 0.0283203125
2 0.33619281045751637 0.5439453125 0.06454248366013073 0.03125
2 0.46568627450980393 0.5458984375 0.03104575163398693 0.029296875
2 0.127859477124183 0.548828125 0.04003267973856209 0.01953125
2 0.18341503267973855 0.548828125 0.056372549019607844 0.02734375
2 0.08741830065359477 0.5537109375 0.05228758169934641 0.017578125
2 0.41625816993464054 0.5634765625 0.07107843137254902 0.064453125
2 0.2295751633986928 0.5751953125 0.12908496732026145 0.07421875
2 0.7099673202614379 0.59326171875 0.14215686274509803 0.0966796875
2 0.877859477124183 0.689453125 0.2426470588235294 0.26171875