2 0.42320261437908496 0.37646484375 0.016339869281045753 0.0419921875
2 0.30106209150326796 0.38232421875 0.018790849673202614 0.0439453125
2 0.5522875816993464 0.3828125 0.016339869281045753 0.041015625
2 0.7344771241830066 0.43603515625 0.024509803921568627 0.0224609375
2 0.7912581699346405 0.4560546875 0.018790849673202614 0.044921875
2 0.7426470588235294 0.46435546875 0.021241830065359478 0.0439453125
2 0.6274509803921569 0.54150390625 0.016339869281045753 0.0107421875
2 0.6491013071895425 0.548828125 0.025326797385620915 0.02734375
2 0.48733660130718953 0.55078125 0.02369281045751634 0.017578125
2 0.4644607843137255 0.55126953125 0.02696078431372549 0.0185546875
2 0.3341503267973856 0.55810546875 0.05065359477124183 0.0302734375
2 0.12377450980392157 0.56640625 0.061274509803921566 0.02734375
2 0.3937908496732026 0.5712890625 0.0784313725490196 0.048828125
2 0.5788398692810458 0.57373046875 0.06454248366013073 0.0595703125
2 0.03880718954248366 0.5830078125 0.07761437908496732 0.056640625
2 0.23243464052287582 0.6328125 0.30637254901960786 0.1640625
2 0.5012254901960784 0.9052734375 0.9975490196078431 0.189453125