2 0.06209150326797386 0.46435546875 0.05392156862745098 0.0302734375
2 0.8496732026143791 0.515625 0.058823529411764705 0.029296875
2 0.7589869281045751 0.5166015625 0.032679738562091505 0.017578125
2 0.6825980392156863 0.525390625 0.0661764705882353 0.033203125
2 0.22099673202614378 0.53173828125 0.049836601307189546 0.0263671875
2 0.27205882352941174 0.53564453125 0.0457516339869281 0.0283203125
2 0.40155228758169936 0.53662109375 0.08088235294117647 0.0380859375
2 0.33251633986928103 0.53759765625 0.08006535947712418 0.0419921875
2 0.01715686274509804 0.5400390625 0.03104575163398693 0.044921875
2 0.06290849673202614 0.54150390625 0.08823529411764706 0.0380859375
2 0.16544117647058823 0.54443359375 0.11519607843137254 0.0419921875