2 0.625 0.48876953125 0.016339869281045753 0.0166015625
2 0.5494281045751634 0.5458984375 0.018790849673202614 0.015625
2 0.4644607843137255 0.54638671875 0.025326797385620915 0.0244140625
2 0.5196078431372549 0.54833984375 0.026143790849673203 0.0322265625
2 0.22344771241830066 0.5498046875 0.035130718954248366 0.03125
2 0.2536764705882353 0.552734375 0.02369281045751634 0.02734375
2 0.28022875816993464 0.55419921875 0.027777777777777776 0.0224609375
2 0.19526143790849673 0.5546875 0.06209150326797386 0.03125
2 0.13031045751633988 0.55615234375 0.06290849673202614 0.0439453125
2 0.377859477124183 0.56884765625 0.11356209150326797 0.0986328125
2 0.0428921568627451 0.5703125 0.0857843137254902 0.072265625
2 0.502859477124183 0.90185546875 0.994281045751634 0.1962890625