2 0.5923202614379085 0.5048828125 0.05555555555555555 0.029296875
2 0.2675653594771242 0.50537109375 0.025326797385620915 0.0263671875
2 0.4207516339869281 0.505859375 0.05718954248366013 0.03515625
2 0.7949346405228758 0.50634765625 0.11764705882352941 0.0634765625
2 0.30392156862745096 0.5087890625 0.049019607843137254 0.03515625
2 0.23897058823529413 0.51513671875 0.04493464052287582 0.0361328125
2 0.08823529411764706 0.51708984375 0.05065359477124183 0.0419921875
2 0.5126633986928104 0.5302734375 0.13970588235294118 0.08203125
2 0.020833333333333332 0.53466796875 0.04003267973856209 0.0791015625
2 0.3680555555555556 0.53515625 0.11519607843137254 0.0546875
2 0.18504901960784315 0.537109375 0.08088235294117647 0.0546875
2 0.8725490196078431 0.5400390625 0.25163398692810457 0.498046875
2 0.4048202614379085 0.77978515625 0.8031045751633987 0.4189453125