2 0.9763071895424836 0.302734375 0.04738562091503268 0.08984375
2 0.9113562091503268 0.31201171875 0.049836601307189546 0.1259765625
2 0.20506535947712418 0.35546875 0.014705882352941176 0.04296875
2 0.3349673202614379 0.361328125 0.016339869281045753 0.04296875
2 0.46200980392156865 0.37451171875 0.01715686274509804 0.0439453125
2 0.9501633986928104 0.40771484375 0.08741830065359477 0.0498046875
2 0.46486928104575165 0.5380859375 0.03104575163398693 0.029296875
2 0.3770424836601307 0.54052734375 0.02369281045751634 0.0283203125
2 0.4068627450980392 0.54296875 0.03758169934640523 0.02734375
2 0.1613562091503268 0.5439453125 0.051470588235294115 0.033203125
2 0.8856209150326797 0.5458984375 0.20098039215686275 0.095703125
2 0.4366830065359477 0.54736328125 0.03022875816993464 0.0263671875
2 0.20915032679738563 0.55029296875 0.04411764705882353 0.0341796875
2 0.06372549019607843 0.55712890625 0.08986928104575163 0.0458984375
2 0.25857843137254904 0.5576171875 0.05473856209150327 0.044921875
2 0.3402777777777778 0.56396484375 0.09068627450980392 0.0771484375
2 0.5 0.90234375 1 0.1953125