2 0.7753267973856209 0.4462890625 0.02287581699346405 0.03515625
2 0.7630718954248366 0.47607421875 0.05065359477124183 0.0322265625
2 0.3660130718954248 0.54345703125 0.024509803921568627 0.0283203125
2 0.29697712418300654 0.54541015625 0.04330065359477124 0.0205078125
2 0.22589869281045752 0.5458984375 0.028594771241830064 0.0234375
2 0.5196078431372549 0.54931640625 0.032679738562091505 0.0341796875
2 0.5829248366013072 0.5556640625 0.02696078431372549 0.03515625
2 0.09681372549019608 0.55712890625 0.06944444444444445 0.0361328125
2 0.42401960784313725 0.55712890625 0.05392156862745098 0.0517578125
2 0.15400326797385622 0.5576171875 0.09068627450980392 0.03515625
2 0.6102941176470589 0.5654296875 0.058823529411764705 0.052734375
2 0.03227124183006536 0.5693359375 0.06290849673202614 0.041015625
2 0.7373366013071896 0.6064453125 0.18382352941176472 0.12890625
2 0.8782679738562091 0.7080078125 0.2434640522875817 0.412109375
2 0.5 0.9052734375 1 0.189453125