2 0.829248366013072 0.29150390625 0.024509803921568627 0.0654296875
2 0.9313725490196079 0.33349609375 0.06209150326797386 0.1103515625
2 0.2741013071895425 0.3759765625 0.012254901960784314 0.03125
2 0.3897058823529412 0.37890625 0.00980392156862745 0.03125
2 0.47875816993464054 0.39013671875 0.011437908496732025 0.0302734375
2 0.9178921568627451 0.41845703125 0.06944444444444445 0.0537109375
2 0.5298202614379085 0.42578125 0.05800653594771242 0.013671875
2 0.7397875816993464 0.4580078125 0.02369281045751634 0.052734375
2 0.7679738562091504 0.45947265625 0.016339869281045753 0.0439453125
2 0.9244281045751634 0.5341796875 0.1511437908496732 0.1171875
2 0.34272875816993464 0.5341796875 0.025326797385620915 0.01953125
2 0.4554738562091503 0.537109375 0.03349673202614379 0.03125
2 0.20588235294117646 0.53857421875 0.032679738562091505 0.0244140625
2 0.41013071895424835 0.54248046875 0.06209150326797386 0.0478515625
2 0.1613562091503268 0.54296875 0.056372549019607844 0.037109375
2 0.5077614379084967 0.544921875 0.04493464052287582 0.0390625
2 0.3014705882352941 0.55419921875 0.06862745098039216 0.0517578125
2 0.7630718954248366 0.5595703125 0.12254901960784313 0.056640625
2 0.11356209150326797 0.68359375 0.22712418300653595 0.3671875
2 0.5 0.90380859375 1 0.1923828125